    unsorted:	 2.467700246e-07 3536.170106 3428.566686 3588.371070 3082.036714 3065.481875 3194.351142 2902.729457 3745.061833 2738.172085 2610.269599 3963.475543 4115.040151 4247.201757 4333.704288 2395.991185 1869.597945 1886.742002 2116.146464 1720.210472 1613.864602 1514.086471 1402.167656 1299.086897 1077.488591 1144.597065 1016.190537 928.5807908 815.0797775 735.6180792 -0.0002544018491 383.2875998 392.9497407 465.9381056 9.900392913 154.6588972 132.3700937 4749.517102 4968.967043 5212.243600 5225.512929 5354.956778 5734.351504 6152.131550 6475.453573 6977.910278 6893.338535 7098.163116 7593.101474 7897.501721 8381.855844 8567.781293 8661.409852 9107.756247 9820.647962 10361.60954 10455.83187 10652.80550 10748.06809 11036.22635 11841.60699 11892.21923 12354.10747 12665.37754 13414.25160 13719.51628 13997.57808 14544.02017 14782.61249 15317.60118 15517.82625 15678.06842 15929.37616 16705.49707 16795.05261 17329.55100 17871.34543 18068.98941 18953.40691 19032.53774 19635.98134 19514.22857 19891.49931 20856.57522 21384.62936 21522.70040 21789.14582 22214.32091 22540.72828 22723.38471 23144.15678 23256.99469 23297.03376 23676.19920 24086.93008 24554.22033 25335.01884 25703.49189 26571.09010 27056.10526 27391.14767 27753.06123 28268.24777 28801.65891 29972.51378 30968.04506 31927.55088 33724.54271 34951.85824 40783.28858 42814.05050 47467.74741 158858.0763 159973.5695 157115.9717 155450.0280 162565.8658 151665.2592 149757.0269 165056.6601 144902.0485 142630.2652 168515.3362 172680.5190 132758.8746 178117.3713 181414.1970 183673.6798 93900.05969 189126.7971 198278.4121 197021.7909 215447.3751 221051.7330 242236.7529 261612.1796 289728.3242 321667.5508 332431.5053 375977.1537 462443.8230 493551.0230 603158.0184 4934802.201 893983.2658 1361980.963 2423775.580 3723500.079 30338890.96
      sorted:	 -0.0002544018491 2.467700246e-07 9.900392913 132.3700937 154.6588972 383.2875998 392.9497407 465.9381056 735.6180792 815.0797775 928.5807908 1016.190537 1077.488591 1144.597065 1299.086897 1402.167656 1514.086471 1613.864602 1720.210472 1869.597945 1886.742002 2116.146464 2395.991185 2610.269599 2738.172085 2902.729457 3065.481875 3082.036714 3194.351142 3428.566686 3536.170106 3588.371070 3745.061833 3963.475543 4115.040151 4247.201757 4333.704288 4749.517102 4968.967043 5212.243600 5225.512929 5354.956778 5734.351504 6152.131550 6475.453573 6893.338535 6977.910278 7098.163116 7593.101474 7897.501721 8381.855844 8567.781293 8661.409852 9107.756247 9820.647962 10361.60954 10455.83187 10652.80550 10748.06809 11036.22635 11841.60699 11892.21923 12354.10747 12665.37754 13414.25160 13719.51628 13997.57808 14544.02017 14782.61249 15317.60118 15517.82625 15678.06842 15929.37616 16705.49707 16795.05261 17329.55100 17871.34543 18068.98941 18953.40691 19032.53774 19514.22857 19635.98134 19891.49931 20856.57522 21384.62936 21522.70040 21789.14582 22214.32091 22540.72828 22723.38471 23144.15678 23256.99469 23297.03376 23676.19920 24086.93008 24554.22033 25335.01884 25703.49189 26571.09010 27056.10526 27391.14767 27753.06123 28268.24777 28801.65891 29972.51378 30968.04506 31927.55088 33724.54271 34951.85824 40783.28858 42814.05050 47467.74741 93900.05969 132758.8746 142630.2652 144902.0485 149757.0269 151665.2592 155450.0280 157115.9717 158858.0763 159973.5695 162565.8658 165056.6601 168515.3362 172680.5190 178117.3713 181414.1970 183673.6798 189126.7971 197021.7909 198278.4121 215447.3751 221051.7330 242236.7529 261612.1796 289728.3242 321667.5508 332431.5053 375977.1537 462443.8230 493551.0230 603158.0184 893983.2658 1361980.963 2423775.580 3723500.079 4934802.201 30338890.96
